De,A,Tiempo
0,1,0.400307
0,2,0.679626
0,3,0.680059
0,4,0.758352
0,5,0.448975
0,6,0.499285
0,7,0.447964
1,0,0.255117
1,2,0.621785
1,3,0.463955
1,4,0.452354
1,5,0.410882
1,6,0.417790
1,7,0.466558
2,0,0.504457
2,1,0.432966
2,3,0.150795
2,4,0.359219
2,5,0.378888
2,6,0.361614
2,7,0.356004
3,0,0.450563
3,1,0.467083
3,2,0.138151
3,4,0.368983
3,5,0.365595
3,6,0.357065
3,7,0.356041
4,0,0.451174
4,1,0.442995
4,2,0.370231
4,3,0.363184
4,5,0.112542
4,6,0.361175
4,7,0.358809
5,0,0.444610
5,1,0.464747
5,2,0.362558
5,3,0.361044
5,4,0.083410
5,6,0.361244
5,7,0.358669
6,0,0.480476
6,1,0.418985
6,2,0.362244
6,3,0.360016
6,4,0.357144
6,5,0.358864
6,7,0.202868
7,0,0.411147
7,1,0.434110
7,2,0.361125
7,3,0.359889
7,4,0.361338
7,5,0.358180
7,6,0.112475
0,1,0.122928
0,2,0.425886
0,3,0.400482
0,4,0.416086
0,5,0.412338
0,6,0.410075
0,7,0.397282
1,0,0.185498
1,2,0.428636
1,3,0.406374
1,4,0.426753
1,5,0.664665
1,6,0.563122
1,7,0.475948
2,0,0.470595
2,1,0.457965
2,3,0.103727
2,4,0.357656
2,5,0.360629
2,6,0.356904
2,7,0.355781
3,0,0.422150
3,1,0.390028
3,2,0.111485
3,4,0.365228
3,5,0.356329
3,6,0.356391
3,7,0.355843
4,0,0.415080
4,1,0.443760
4,2,0.363497
4,3,0.361913
4,5,0.078555
4,6,0.359321
4,7,0.360818
5,0,0.457258
5,1,0.472940
5,2,0.361446
5,3,0.359852
5,4,0.109215
5,6,0.357993
5,7,0.359286
6,0,0.403507
6,1,0.451670
6,2,0.367089
6,3,0.360318
6,4,0.362945
6,5,0.358548
6,7,0.103976
7,0,0.410488
7,1,0.482423
7,2,0.360279
7,3,0.361107
7,4,0.358233
7,5,0.357718
7,6,0.112345
0,1,0.195375
0,2,0.420157
0,3,0.400360
0,4,0.428214
0,5,0.406647
0,6,0.393531
0,7,0.388428
1,0,0.150302
1,2,0.415617
1,3,0.378058
1,4,0.413826
1,5,0.396776
1,6,0.395022
1,7,0.430728
2,0,0.425722
2,1,0.409596
2,3,0.133600
2,4,0.356701
2,5,0.354529
2,6,0.355890
2,7,0.356686
3,0,0.399964
3,1,0.395629
3,2,0.112276
3,4,0.354495
3,5,0.356018
3,6,0.357220
3,7,0.355883
4,0,0.410100
4,1,0.418088
4,2,0.361473
4,3,0.361376
4,5,0.078968
4,6,0.359298
4,7,0.357726
5,0,0.482319
5,1,0.433446
5,2,0.361830
5,3,0.359937
5,4,0.099652
5,6,0.359578
5,7,0.359206
6,0,0.455572
6,1,0.396180
6,2,0.361255
6,3,0.360205
6,4,0.359432
6,5,0.362693
6,7,0.134481
7,0,0.400265
7,1,0.428113
7,2,0.360304
7,3,0.360200
7,4,0.358160
7,5,0.361372
7,6,0.139340
0,1,0.127813
0,2,0.421089
0,3,0.414680
0,4,0.395951
0,5,0.417430
0,6,0.392604
0,7,0.384463
1,0,0.122552
1,2,0.424251
1,3,0.378735
1,4,0.411202
1,5,0.399576
1,6,0.419563
1,7,0.414754
2,0,0.481544
2,1,0.416709
2,3,0.102841
2,4,0.359345
2,5,0.372382
2,6,0.355889
2,7,0.356767
3,0,0.430538
3,1,0.408528
3,2,0.111285
3,4,0.356534
3,5,0.354731
3,6,0.356933
3,7,0.356870
4,0,0.512362
4,1,0.430672
4,2,0.359819
4,3,0.361656
4,5,0.079434
4,6,0.359379
4,7,0.359354
5,0,0.458738
5,1,0.418424
5,2,0.361771
5,3,0.362924
5,4,0.079872
5,6,0.359319
5,7,0.358863
6,0,0.422276
6,1,0.395973
6,2,0.361187
6,3,0.360276
6,4,0.356844
6,5,0.358172
6,7,0.151863
7,0,0.408695
7,1,0.413716
7,2,0.361242
7,3,0.360119
7,4,0.357502
7,5,0.358502
7,6,0.155726
0,1,0.184427
0,2,0.428107
0,3,0.406089
0,4,0.414842
0,5,0.431260
0,6,0.402210
0,7,0.391191
1,0,0.145551
1,2,0.407155
1,3,0.380776
1,4,0.423409
1,5,0.419229
1,6,0.402536
1,7,0.414661
2,0,0.423256
2,1,0.397595
2,3,0.102840
2,4,0.359491
2,5,0.373605
2,6,0.356872
2,7,0.355788
3,0,0.488087
3,1,0.441170
3,2,0.111437
3,4,0.358641
3,5,0.355915
3,6,0.356946
3,7,0.354901
4,0,0.650812
4,1,0.456847
4,2,0.360864
4,3,0.361176
4,5,0.082973
4,6,0.362547
4,7,0.367655
5,0,0.660157
5,1,0.501041
5,2,0.361955
5,3,0.359723
5,4,0.091071
5,6,0.358979
5,7,0.359654
6,0,0.737901
6,1,0.422925
6,2,0.361213
6,3,0.363824
6,4,0.357525
6,5,0.357298
6,7,0.135317
7,0,0.659571
7,1,0.421955
7,2,0.359299
7,3,0.361243
7,4,0.358412
7,5,0.357557
7,6,0.112408
0,1,0.556980
0,2,0.452254
0,3,0.461690
0,4,0.500430
0,5,0.506698
0,6,0.437658
0,7,0.431321
1,0,0.318090
1,2,0.409067
1,3,0.392409
1,4,0.433218
1,5,0.438655
1,6,0.406115
1,7,0.422852
2,0,0.651003
2,1,0.425947
2,3,0.102787
2,4,0.357443
2,5,0.357266
2,6,0.355916
2,7,0.355781
3,0,0.845758
3,1,0.414004
3,2,0.111391
3,4,0.355996
3,5,0.356918
3,6,0.355973
3,7,0.356832
4,0,0.635099
4,1,0.451408
4,2,0.361516
4,3,0.360488
4,5,0.080053
4,6,0.359642
4,7,0.359860
5,0,0.631280
5,1,0.447993
5,2,0.363768
5,3,0.373425
5,4,0.098198
5,6,0.360095
5,7,0.357553
6,0,0.618646
6,1,0.390819
6,2,0.360275
6,3,0.361131
6,4,0.357582
6,5,0.357287
6,7,0.104914
7,0,0.506274
7,1,0.415473
7,2,0.361253
7,3,0.361231
7,4,0.357756
7,5,0.358021
7,6,0.113425
0,1,0.455731
0,2,0.437024
0,3,0.445513
0,4,0.415806
0,5,0.440865
0,6,0.411492
0,7,0.418731
1,0,0.341544
1,2,0.457206
1,3,0.380813
1,4,0.417882
1,5,0.441049
1,6,0.407152
1,7,0.430365
2,0,0.631268
2,1,0.423014
2,3,0.102784
2,4,0.363438
2,5,0.356689
2,6,0.356841
2,7,0.355773
3,0,0.490444
3,1,0.389014
3,2,0.111481
3,4,0.359576
3,5,0.356268
3,6,0.355904
3,7,0.355835
4,0,0.427950
4,1,0.404814
4,2,0.361382
4,3,0.360216
4,5,0.096548
4,6,0.359384
4,7,0.359357
5,0,0.449586
5,1,0.407657
5,2,0.360577
5,3,0.361347
5,4,0.082379
5,6,0.358645
5,7,0.363532
6,0,0.457261
6,1,0.429458
6,2,0.360287
6,3,0.361139
6,4,0.363464
6,5,0.362144
6,7,0.103886
7,0,0.442024
7,1,0.438998
7,2,0.360528
7,3,0.361120
7,4,0.358258
7,5,0.359321
7,6,0.113431
0,1,0.157024
0,2,0.427552
0,3,0.425425
0,4,0.410784
0,5,0.427019
0,6,0.414131
0,7,0.390865
1,0,0.102125
1,2,0.410739
1,3,0.383476
1,4,0.411592
1,5,0.423726
1,6,0.401687
1,7,0.414104
2,0,0.425656
2,1,0.397695
2,3,0.103779
2,4,0.354640
2,5,0.356685
2,6,0.356812
2,7,0.355770
3,0,0.419471
3,1,0.385251
3,2,0.111431
3,4,0.356355
3,5,0.356448
3,6,0.356000
3,7,0.355848
4,0,0.416668
4,1,0.404893
4,2,0.361296
4,3,0.362311
4,5,0.093635
4,6,0.385223
4,7,0.360578
5,0,0.409830
5,1,0.431892
5,2,0.360109
5,3,0.361638
5,4,0.082148
5,6,0.359493
5,7,0.361051
6,0,0.408767
6,1,0.420465
6,2,0.360294
6,3,0.361146
6,4,0.358345
6,5,0.356813
6,7,0.104746
7,0,0.390236
7,1,0.431202
7,2,0.361306
7,3,0.360122
7,4,0.356718
7,5,0.358307
7,6,0.112365
0,1,0.158148
0,2,0.426185
0,3,0.406182
0,4,0.398482
0,5,0.405692
0,6,0.398761
0,7,0.398887
1,0,0.142736
1,2,0.409350
1,3,0.381099
1,4,0.431943
1,5,0.424567
1,6,0.391313
1,7,0.426306
2,0,0.431566
2,1,0.399241
2,3,0.102867
2,4,0.358029
2,5,0.357230
2,6,0.356804
2,7,0.355791
3,0,0.400682
3,1,0.395216
3,2,0.111398
3,4,0.357939
3,5,0.356348
3,6,0.354963
3,7,0.356814
4,0,0.401328
4,1,0.409402
4,2,0.360519
4,3,0.361204
4,5,0.094426
4,6,0.361735
4,7,0.359497
5,0,0.413576
5,1,0.402290
5,2,0.361304
5,3,0.361135
5,4,0.079776
5,6,0.359356
5,7,0.358673
6,0,0.465544
6,1,0.411778
6,2,0.361221
6,3,0.360191
6,4,0.356606
6,5,0.360227
6,7,0.103857
7,0,0.584132
7,1,0.454693
7,2,0.361219
7,3,0.361190
7,4,0.357724
7,5,0.358402
7,6,0.113496
0,1,0.428401
0,2,0.455635
0,3,0.422890
0,4,0.408525
0,5,0.445371
0,6,0.457038
0,7,0.417919
1,0,0.311417
1,2,0.419646
1,3,0.395056
1,4,0.407000
1,5,0.420780
1,6,0.419811
1,7,0.434556
2,0,0.718254
2,1,0.429565
2,3,0.103785
2,4,0.356441
2,5,0.356084
2,6,0.356898
2,7,0.355816
3,0,0.550440
3,1,0.419056
3,2,0.112366
3,4,0.354707
3,5,0.356260
3,6,0.356859
3,7,0.355819
4,0,0.480176
4,1,0.447544
4,2,0.361901
4,3,0.361738
4,5,0.126048
4,6,0.360036
4,7,0.358524
5,0,0.643252
5,1,0.435531
5,2,0.363853
5,3,0.361161
5,4,0.111941
5,6,0.359384
5,7,0.359136
6,0,0.675826
6,1,0.442167
6,2,0.361259
6,3,0.360214
6,4,0.359809
6,5,0.358744
6,7,0.103846
7,0,0.594424
7,1,0.425869
7,2,0.361317
7,3,0.360232
7,4,0.408674
7,5,0.366572
7,6,0.112440
